stim_num	turker_label	true_label	is_correct	eventType	iterationName	gameid	time	role	rule_idx	rule_type	train_data_fn	test_data_fn
0	false	false	true	logTest	pilot	2091-41a1cdbf-69a5-481a-b7b2-24f9dfa78596	1540407465354	explorer	0	SINGLE_FEAT	./js/training_data_body_color_orange_1.json	./js/test_data_body_color_orange_1.json
1	false	false	true	logTest	pilot	2091-41a1cdbf-69a5-481a-b7b2-24f9dfa78596	1540407465354	explorer	0	SINGLE_FEAT	./js/training_data_body_color_orange_1.json	./js/test_data_body_color_orange_1.json
2	false	false	true	logTest	pilot	2091-41a1cdbf-69a5-481a-b7b2-24f9dfa78596	1540407465354	explorer	0	SINGLE_FEAT	./js/training_data_body_color_orange_1.json	./js/test_data_body_color_orange_1.json
3	false	false	true	logTest	pilot	2091-41a1cdbf-69a5-481a-b7b2-24f9dfa78596	1540407465354	explorer	0	SINGLE_FEAT	./js/training_data_body_color_orange_1.json	./js/test_data_body_color_orange_1.json
4	false	false	true	logTest	pilot	2091-41a1cdbf-69a5-481a-b7b2-24f9dfa78596	1540407465354	explorer	0	SINGLE_FEAT	./js/training_data_body_color_orange_1.json	./js/test_data_body_color_orange_1.json
5	false	false	true	logTest	pilot	2091-41a1cdbf-69a5-481a-b7b2-24f9dfa78596	1540407465354	explorer	0	SINGLE_FEAT	./js/training_data_body_color_orange_1.json	./js/test_data_body_color_orange_1.json
6	false	true	false	logTest	pilot	2091-41a1cdbf-69a5-481a-b7b2-24f9dfa78596	1540407465354	explorer	0	SINGLE_FEAT	./js/training_data_body_color_orange_1.json	./js/test_data_body_color_orange_1.json
7	false	false	true	logTest	pilot	2091-41a1cdbf-69a5-481a-b7b2-24f9dfa78596	1540407465354	explorer	0	SINGLE_FEAT	./js/training_data_body_color_orange_1.json	./js/test_data_body_color_orange_1.json
8	false	true	false	logTest	pilot	2091-41a1cdbf-69a5-481a-b7b2-24f9dfa78596	1540407465354	explorer	0	SINGLE_FEAT	./js/training_data_body_color_orange_1.json	./js/test_data_body_color_orange_1.json
9	false	true	false	logTest	pilot	2091-41a1cdbf-69a5-481a-b7b2-24f9dfa78596	1540407465354	explorer	0	SINGLE_FEAT	./js/training_data_body_color_orange_1.json	./js/test_data_body_color_orange_1.json
10	false	true	false	logTest	pilot	2091-41a1cdbf-69a5-481a-b7b2-24f9dfa78596	1540407465354	explorer	0	SINGLE_FEAT	./js/training_data_body_color_orange_1.json	./js/test_data_body_color_orange_1.json
11	false	false	true	logTest	pilot	2091-41a1cdbf-69a5-481a-b7b2-24f9dfa78596	1540407465354	explorer	0	SINGLE_FEAT	./js/training_data_body_color_orange_1.json	./js/test_data_body_color_orange_1.json
12	false	true	false	logTest	pilot	2091-41a1cdbf-69a5-481a-b7b2-24f9dfa78596	1540407465354	explorer	0	SINGLE_FEAT	./js/training_data_body_color_orange_1.json	./js/test_data_body_color_orange_1.json
13	false	true	false	logTest	pilot	2091-41a1cdbf-69a5-481a-b7b2-24f9dfa78596	1540407465354	explorer	0	SINGLE_FEAT	./js/training_data_body_color_orange_1.json	./js/test_data_body_color_orange_1.json
14	false	false	true	logTest	pilot	2091-41a1cdbf-69a5-481a-b7b2-24f9dfa78596	1540407465354	explorer	0	SINGLE_FEAT	./js/training_data_body_color_orange_1.json	./js/test_data_body_color_orange_1.json
15	false	true	false	logTest	pilot	2091-41a1cdbf-69a5-481a-b7b2-24f9dfa78596	1540407465354	explorer	0	SINGLE_FEAT	./js/training_data_body_color_orange_1.json	./js/test_data_body_color_orange_1.json
16	false	false	true	logTest	pilot	2091-41a1cdbf-69a5-481a-b7b2-24f9dfa78596	1540407465354	explorer	0	SINGLE_FEAT	./js/training_data_body_color_orange_1.json	./js/test_data_body_color_orange_1.json
17	false	false	true	logTest	pilot	2091-41a1cdbf-69a5-481a-b7b2-24f9dfa78596	1540407465354	explorer	0	SINGLE_FEAT	./js/training_data_body_color_orange_1.json	./js/test_data_body_color_orange_1.json
18	false	false	true	logTest	pilot	2091-41a1cdbf-69a5-481a-b7b2-24f9dfa78596	1540407465354	explorer	0	SINGLE_FEAT	./js/training_data_body_color_orange_1.json	./js/test_data_body_color_orange_1.json
19	false	false	true	logTest	pilot	2091-41a1cdbf-69a5-481a-b7b2-24f9dfa78596	1540407465354	explorer	0	SINGLE_FEAT	./js/training_data_body_color_orange_1.json	./js/test_data_body_color_orange_1.json
20	false	false	true	logTest	pilot	2091-41a1cdbf-69a5-481a-b7b2-24f9dfa78596	1540407465354	explorer	0	SINGLE_FEAT	./js/training_data_body_color_orange_1.json	./js/test_data_body_color_orange_1.json
21	false	true	false	logTest	pilot	2091-41a1cdbf-69a5-481a-b7b2-24f9dfa78596	1540407465354	explorer	0	SINGLE_FEAT	./js/training_data_body_color_orange_1.json	./js/test_data_body_color_orange_1.json
22	false	false	true	logTest	pilot	2091-41a1cdbf-69a5-481a-b7b2-24f9dfa78596	1540407465354	explorer	0	SINGLE_FEAT	./js/training_data_body_color_orange_1.json	./js/test_data_body_color_orange_1.json
23	false	false	true	logTest	pilot	2091-41a1cdbf-69a5-481a-b7b2-24f9dfa78596	1540407465354	explorer	0	SINGLE_FEAT	./js/training_data_body_color_orange_1.json	./js/test_data_body_color_orange_1.json
24	false	true	false	logTest	pilot	2091-41a1cdbf-69a5-481a-b7b2-24f9dfa78596	1540407465354	explorer	0	SINGLE_FEAT	./js/training_data_body_color_orange_1.json	./js/test_data_body_color_orange_1.json
25	false	true	false	logTest	pilot	2091-41a1cdbf-69a5-481a-b7b2-24f9dfa78596	1540407465354	explorer	0	SINGLE_FEAT	./js/training_data_body_color_orange_1.json	./js/test_data_body_color_orange_1.json
26	false	false	true	logTest	pilot	2091-41a1cdbf-69a5-481a-b7b2-24f9dfa78596	1540407465354	explorer	0	SINGLE_FEAT	./js/training_data_body_color_orange_1.json	./js/test_data_body_color_orange_1.json
27	false	false	true	logTest	pilot	2091-41a1cdbf-69a5-481a-b7b2-24f9dfa78596	1540407465354	explorer	0	SINGLE_FEAT	./js/training_data_body_color_orange_1.json	./js/test_data_body_color_orange_1.json
28	false	true	false	logTest	pilot	2091-41a1cdbf-69a5-481a-b7b2-24f9dfa78596	1540407465354	explorer	0	SINGLE_FEAT	./js/training_data_body_color_orange_1.json	./js/test_data_body_color_orange_1.json
29	false	false	true	logTest	pilot	2091-41a1cdbf-69a5-481a-b7b2-24f9dfa78596	1540407465354	explorer	0	SINGLE_FEAT	./js/training_data_body_color_orange_1.json	./js/test_data_body_color_orange_1.json
0	false	false	true	logTest	pilot	2091-41a1cdbf-69a5-481a-b7b2-24f9dfa78596	1540407481621	student	0	SINGLE_FEAT	./js/training_data_body_color_orange_1.json	./js/test_data_body_color_orange_1.json
1	false	false	true	logTest	pilot	2091-41a1cdbf-69a5-481a-b7b2-24f9dfa78596	1540407481621	student	0	SINGLE_FEAT	./js/training_data_body_color_orange_1.json	./js/test_data_body_color_orange_1.json
2	false	false	true	logTest	pilot	2091-41a1cdbf-69a5-481a-b7b2-24f9dfa78596	1540407481621	student	0	SINGLE_FEAT	./js/training_data_body_color_orange_1.json	./js/test_data_body_color_orange_1.json
3	false	false	true	logTest	pilot	2091-41a1cdbf-69a5-481a-b7b2-24f9dfa78596	1540407481621	student	0	SINGLE_FEAT	./js/training_data_body_color_orange_1.json	./js/test_data_body_color_orange_1.json
4	false	false	true	logTest	pilot	2091-41a1cdbf-69a5-481a-b7b2-24f9dfa78596	1540407481621	student	0	SINGLE_FEAT	./js/training_data_body_color_orange_1.json	./js/test_data_body_color_orange_1.json
5	false	false	true	logTest	pilot	2091-41a1cdbf-69a5-481a-b7b2-24f9dfa78596	1540407481621	student	0	SINGLE_FEAT	./js/training_data_body_color_orange_1.json	./js/test_data_body_color_orange_1.json
6	false	true	false	logTest	pilot	2091-41a1cdbf-69a5-481a-b7b2-24f9dfa78596	1540407481621	student	0	SINGLE_FEAT	./js/training_data_body_color_orange_1.json	./js/test_data_body_color_orange_1.json
7	false	false	true	logTest	pilot	2091-41a1cdbf-69a5-481a-b7b2-24f9dfa78596	1540407481621	student	0	SINGLE_FEAT	./js/training_data_body_color_orange_1.json	./js/test_data_body_color_orange_1.json
8	true	true	true	logTest	pilot	2091-41a1cdbf-69a5-481a-b7b2-24f9dfa78596	1540407481621	student	0	SINGLE_FEAT	./js/training_data_body_color_orange_1.json	./js/test_data_body_color_orange_1.json
9	false	true	false	logTest	pilot	2091-41a1cdbf-69a5-481a-b7b2-24f9dfa78596	1540407481621	student	0	SINGLE_FEAT	./js/training_data_body_color_orange_1.json	./js/test_data_body_color_orange_1.json
10	false	true	false	logTest	pilot	2091-41a1cdbf-69a5-481a-b7b2-24f9dfa78596	1540407481621	student	0	SINGLE_FEAT	./js/training_data_body_color_orange_1.json	./js/test_data_body_color_orange_1.json
11	false	false	true	logTest	pilot	2091-41a1cdbf-69a5-481a-b7b2-24f9dfa78596	1540407481621	student	0	SINGLE_FEAT	./js/training_data_body_color_orange_1.json	./js/test_data_body_color_orange_1.json
12	false	true	false	logTest	pilot	2091-41a1cdbf-69a5-481a-b7b2-24f9dfa78596	1540407481621	student	0	SINGLE_FEAT	./js/training_data_body_color_orange_1.json	./js/test_data_body_color_orange_1.json
13	false	true	false	logTest	pilot	2091-41a1cdbf-69a5-481a-b7b2-24f9dfa78596	1540407481621	student	0	SINGLE_FEAT	./js/training_data_body_color_orange_1.json	./js/test_data_body_color_orange_1.json
14	false	false	true	logTest	pilot	2091-41a1cdbf-69a5-481a-b7b2-24f9dfa78596	1540407481621	student	0	SINGLE_FEAT	./js/training_data_body_color_orange_1.json	./js/test_data_body_color_orange_1.json
15	false	true	false	logTest	pilot	2091-41a1cdbf-69a5-481a-b7b2-24f9dfa78596	1540407481621	student	0	SINGLE_FEAT	./js/training_data_body_color_orange_1.json	./js/test_data_body_color_orange_1.json
16	false	false	true	logTest	pilot	2091-41a1cdbf-69a5-481a-b7b2-24f9dfa78596	1540407481621	student	0	SINGLE_FEAT	./js/training_data_body_color_orange_1.json	./js/test_data_body_color_orange_1.json
17	false	false	true	logTest	pilot	2091-41a1cdbf-69a5-481a-b7b2-24f9dfa78596	1540407481621	student	0	SINGLE_FEAT	./js/training_data_body_color_orange_1.json	./js/test_data_body_color_orange_1.json
18	false	false	true	logTest	pilot	2091-41a1cdbf-69a5-481a-b7b2-24f9dfa78596	1540407481621	student	0	SINGLE_FEAT	./js/training_data_body_color_orange_1.json	./js/test_data_body_color_orange_1.json
19	false	false	true	logTest	pilot	2091-41a1cdbf-69a5-481a-b7b2-24f9dfa78596	1540407481621	student	0	SINGLE_FEAT	./js/training_data_body_color_orange_1.json	./js/test_data_body_color_orange_1.json
20	false	false	true	logTest	pilot	2091-41a1cdbf-69a5-481a-b7b2-24f9dfa78596	1540407481621	student	0	SINGLE_FEAT	./js/training_data_body_color_orange_1.json	./js/test_data_body_color_orange_1.json
21	false	true	false	logTest	pilot	2091-41a1cdbf-69a5-481a-b7b2-24f9dfa78596	1540407481621	student	0	SINGLE_FEAT	./js/training_data_body_color_orange_1.json	./js/test_data_body_color_orange_1.json
22	false	false	true	logTest	pilot	2091-41a1cdbf-69a5-481a-b7b2-24f9dfa78596	1540407481621	student	0	SINGLE_FEAT	./js/training_data_body_color_orange_1.json	./js/test_data_body_color_orange_1.json
23	false	false	true	logTest	pilot	2091-41a1cdbf-69a5-481a-b7b2-24f9dfa78596	1540407481621	student	0	SINGLE_FEAT	./js/training_data_body_color_orange_1.json	./js/test_data_body_color_orange_1.json
24	false	true	false	logTest	pilot	2091-41a1cdbf-69a5-481a-b7b2-24f9dfa78596	1540407481621	student	0	SINGLE_FEAT	./js/training_data_body_color_orange_1.json	./js/test_data_body_color_orange_1.json
25	false	true	false	logTest	pilot	2091-41a1cdbf-69a5-481a-b7b2-24f9dfa78596	1540407481621	student	0	SINGLE_FEAT	./js/training_data_body_color_orange_1.json	./js/test_data_body_color_orange_1.json
26	false	false	true	logTest	pilot	2091-41a1cdbf-69a5-481a-b7b2-24f9dfa78596	1540407481621	student	0	SINGLE_FEAT	./js/training_data_body_color_orange_1.json	./js/test_data_body_color_orange_1.json
27	false	false	true	logTest	pilot	2091-41a1cdbf-69a5-481a-b7b2-24f9dfa78596	1540407481621	student	0	SINGLE_FEAT	./js/training_data_body_color_orange_1.json	./js/test_data_body_color_orange_1.json
28	false	true	false	logTest	pilot	2091-41a1cdbf-69a5-481a-b7b2-24f9dfa78596	1540407481621	student	0	SINGLE_FEAT	./js/training_data_body_color_orange_1.json	./js/test_data_body_color_orange_1.json
29	false	false	true	logTest	pilot	2091-41a1cdbf-69a5-481a-b7b2-24f9dfa78596	1540407481621	student	0	SINGLE_FEAT	./js/training_data_body_color_orange_1.json	./js/test_data_body_color_orange_1.json
0	false	false	true	logTest	pilot	2091-41a1cdbf-69a5-481a-b7b2-24f9dfa78596	1540407678010	explorer	2	CONJUNCTION	./js/training_data_critter_fish_body_color_blue_1.json	./js/test_data_critter_fish_body_color_blue_1.json
1	false	false	true	logTest	pilot	2091-41a1cdbf-69a5-481a-b7b2-24f9dfa78596	1540407678010	explorer	2	CONJUNCTION	./js/training_data_critter_fish_body_color_blue_1.json	./js/test_data_critter_fish_body_color_blue_1.json
2	false	false	true	logTest	pilot	2091-41a1cdbf-69a5-481a-b7b2-24f9dfa78596	1540407678010	explorer	2	CONJUNCTION	./js/training_data_critter_fish_body_color_blue_1.json	./js/test_data_critter_fish_body_color_blue_1.json
3	false	false	true	logTest	pilot	2091-41a1cdbf-69a5-481a-b7b2-24f9dfa78596	1540407678010	explorer	2	CONJUNCTION	./js/training_data_critter_fish_body_color_blue_1.json	./js/test_data_critter_fish_body_color_blue_1.json
4	false	false	true	logTest	pilot	2091-41a1cdbf-69a5-481a-b7b2-24f9dfa78596	1540407678010	explorer	2	CONJUNCTION	./js/training_data_critter_fish_body_color_blue_1.json	./js/test_data_critter_fish_body_color_blue_1.json
5	false	false	true	logTest	pilot	2091-41a1cdbf-69a5-481a-b7b2-24f9dfa78596	1540407678010	explorer	2	CONJUNCTION	./js/training_data_critter_fish_body_color_blue_1.json	./js/test_data_critter_fish_body_color_blue_1.json
6	false	false	true	logTest	pilot	2091-41a1cdbf-69a5-481a-b7b2-24f9dfa78596	1540407678010	explorer	2	CONJUNCTION	./js/training_data_critter_fish_body_color_blue_1.json	./js/test_data_critter_fish_body_color_blue_1.json
7	false	false	true	logTest	pilot	2091-41a1cdbf-69a5-481a-b7b2-24f9dfa78596	1540407678010	explorer	2	CONJUNCTION	./js/training_data_critter_fish_body_color_blue_1.json	./js/test_data_critter_fish_body_color_blue_1.json
8	false	false	true	logTest	pilot	2091-41a1cdbf-69a5-481a-b7b2-24f9dfa78596	1540407678010	explorer	2	CONJUNCTION	./js/training_data_critter_fish_body_color_blue_1.json	./js/test_data_critter_fish_body_color_blue_1.json
9	false	false	true	logTest	pilot	2091-41a1cdbf-69a5-481a-b7b2-24f9dfa78596	1540407678010	explorer	2	CONJUNCTION	./js/training_data_critter_fish_body_color_blue_1.json	./js/test_data_critter_fish_body_color_blue_1.json
10	false	false	true	logTest	pilot	2091-41a1cdbf-69a5-481a-b7b2-24f9dfa78596	1540407678010	explorer	2	CONJUNCTION	./js/training_data_critter_fish_body_color_blue_1.json	./js/test_data_critter_fish_body_color_blue_1.json
11	false	false	true	logTest	pilot	2091-41a1cdbf-69a5-481a-b7b2-24f9dfa78596	1540407678010	explorer	2	CONJUNCTION	./js/training_data_critter_fish_body_color_blue_1.json	./js/test_data_critter_fish_body_color_blue_1.json
12	false	false	true	logTest	pilot	2091-41a1cdbf-69a5-481a-b7b2-24f9dfa78596	1540407678010	explorer	2	CONJUNCTION	./js/training_data_critter_fish_body_color_blue_1.json	./js/test_data_critter_fish_body_color_blue_1.json
13	false	false	true	logTest	pilot	2091-41a1cdbf-69a5-481a-b7b2-24f9dfa78596	1540407678010	explorer	2	CONJUNCTION	./js/training_data_critter_fish_body_color_blue_1.json	./js/test_data_critter_fish_body_color_blue_1.json
14	false	false	true	logTest	pilot	2091-41a1cdbf-69a5-481a-b7b2-24f9dfa78596	1540407678010	explorer	2	CONJUNCTION	./js/training_data_critter_fish_body_color_blue_1.json	./js/test_data_critter_fish_body_color_blue_1.json
15	true	true	true	logTest	pilot	2091-41a1cdbf-69a5-481a-b7b2-24f9dfa78596	1540407678010	explorer	2	CONJUNCTION	./js/training_data_critter_fish_body_color_blue_1.json	./js/test_data_critter_fish_body_color_blue_1.json
16	false	false	true	logTest	pilot	2091-41a1cdbf-69a5-481a-b7b2-24f9dfa78596	1540407678010	explorer	2	CONJUNCTION	./js/training_data_critter_fish_body_color_blue_1.json	./js/test_data_critter_fish_body_color_blue_1.json
17	false	false	true	logTest	pilot	2091-41a1cdbf-69a5-481a-b7b2-24f9dfa78596	1540407678010	explorer	2	CONJUNCTION	./js/training_data_critter_fish_body_color_blue_1.json	./js/test_data_critter_fish_body_color_blue_1.json
18	false	false	true	logTest	pilot	2091-41a1cdbf-69a5-481a-b7b2-24f9dfa78596	1540407678010	explorer	2	CONJUNCTION	./js/training_data_critter_fish_body_color_blue_1.json	./js/test_data_critter_fish_body_color_blue_1.json
19	false	false	true	logTest	pilot	2091-41a1cdbf-69a5-481a-b7b2-24f9dfa78596	1540407678010	explorer	2	CONJUNCTION	./js/training_data_critter_fish_body_color_blue_1.json	./js/test_data_critter_fish_body_color_blue_1.json
20	false	true	false	logTest	pilot	2091-41a1cdbf-69a5-481a-b7b2-24f9dfa78596	1540407678010	explorer	2	CONJUNCTION	./js/training_data_critter_fish_body_color_blue_1.json	./js/test_data_critter_fish_body_color_blue_1.json
21	true	true	true	logTest	pilot	2091-41a1cdbf-69a5-481a-b7b2-24f9dfa78596	1540407678010	explorer	2	CONJUNCTION	./js/training_data_critter_fish_body_color_blue_1.json	./js/test_data_critter_fish_body_color_blue_1.json
22	false	false	true	logTest	pilot	2091-41a1cdbf-69a5-481a-b7b2-24f9dfa78596	1540407678010	explorer	2	CONJUNCTION	./js/training_data_critter_fish_body_color_blue_1.json	./js/test_data_critter_fish_body_color_blue_1.json
23	false	false	true	logTest	pilot	2091-41a1cdbf-69a5-481a-b7b2-24f9dfa78596	1540407678010	explorer	2	CONJUNCTION	./js/training_data_critter_fish_body_color_blue_1.json	./js/test_data_critter_fish_body_color_blue_1.json
24	true	true	true	logTest	pilot	2091-41a1cdbf-69a5-481a-b7b2-24f9dfa78596	1540407678010	explorer	2	CONJUNCTION	./js/training_data_critter_fish_body_color_blue_1.json	./js/test_data_critter_fish_body_color_blue_1.json
25	false	false	true	logTest	pilot	2091-41a1cdbf-69a5-481a-b7b2-24f9dfa78596	1540407678010	explorer	2	CONJUNCTION	./js/training_data_critter_fish_body_color_blue_1.json	./js/test_data_critter_fish_body_color_blue_1.json
26	false	false	true	logTest	pilot	2091-41a1cdbf-69a5-481a-b7b2-24f9dfa78596	1540407678010	explorer	2	CONJUNCTION	./js/training_data_critter_fish_body_color_blue_1.json	./js/test_data_critter_fish_body_color_blue_1.json
27	false	false	true	logTest	pilot	2091-41a1cdbf-69a5-481a-b7b2-24f9dfa78596	1540407678010	explorer	2	CONJUNCTION	./js/training_data_critter_fish_body_color_blue_1.json	./js/test_data_critter_fish_body_color_blue_1.json
0	false	false	true	logTest	pilot	2091-41a1cdbf-69a5-481a-b7b2-24f9dfa78596	1540407680819	student	2	CONJUNCTION	./js/training_data_critter_fish_body_color_blue_1.json	./js/test_data_critter_fish_body_color_blue_1.json
1	false	false	true	logTest	pilot	2091-41a1cdbf-69a5-481a-b7b2-24f9dfa78596	1540407680819	student	2	CONJUNCTION	./js/training_data_critter_fish_body_color_blue_1.json	./js/test_data_critter_fish_body_color_blue_1.json
2	false	false	true	logTest	pilot	2091-41a1cdbf-69a5-481a-b7b2-24f9dfa78596	1540407680819	student	2	CONJUNCTION	./js/training_data_critter_fish_body_color_blue_1.json	./js/test_data_critter_fish_body_color_blue_1.json
3	false	false	true	logTest	pilot	2091-41a1cdbf-69a5-481a-b7b2-24f9dfa78596	1540407680819	student	2	CONJUNCTION	./js/training_data_critter_fish_body_color_blue_1.json	./js/test_data_critter_fish_body_color_blue_1.json
4	false	false	true	logTest	pilot	2091-41a1cdbf-69a5-481a-b7b2-24f9dfa78596	1540407680819	student	2	CONJUNCTION	./js/training_data_critter_fish_body_color_blue_1.json	./js/test_data_critter_fish_body_color_blue_1.json
5	false	false	true	logTest	pilot	2091-41a1cdbf-69a5-481a-b7b2-24f9dfa78596	1540407680819	student	2	CONJUNCTION	./js/training_data_critter_fish_body_color_blue_1.json	./js/test_data_critter_fish_body_color_blue_1.json
6	false	false	true	logTest	pilot	2091-41a1cdbf-69a5-481a-b7b2-24f9dfa78596	1540407680819	student	2	CONJUNCTION	./js/training_data_critter_fish_body_color_blue_1.json	./js/test_data_critter_fish_body_color_blue_1.json
7	false	false	true	logTest	pilot	2091-41a1cdbf-69a5-481a-b7b2-24f9dfa78596	1540407680819	student	2	CONJUNCTION	./js/training_data_critter_fish_body_color_blue_1.json	./js/test_data_critter_fish_body_color_blue_1.json
8	false	false	true	logTest	pilot	2091-41a1cdbf-69a5-481a-b7b2-24f9dfa78596	1540407680819	student	2	CONJUNCTION	./js/training_data_critter_fish_body_color_blue_1.json	./js/test_data_critter_fish_body_color_blue_1.json
9	false	false	true	logTest	pilot	2091-41a1cdbf-69a5-481a-b7b2-24f9dfa78596	1540407680819	student	2	CONJUNCTION	./js/training_data_critter_fish_body_color_blue_1.json	./js/test_data_critter_fish_body_color_blue_1.json
10	false	false	true	logTest	pilot	2091-41a1cdbf-69a5-481a-b7b2-24f9dfa78596	1540407680819	student	2	CONJUNCTION	./js/training_data_critter_fish_body_color_blue_1.json	./js/test_data_critter_fish_body_color_blue_1.json
11	false	false	true	logTest	pilot	2091-41a1cdbf-69a5-481a-b7b2-24f9dfa78596	1540407680819	student	2	CONJUNCTION	./js/training_data_critter_fish_body_color_blue_1.json	./js/test_data_critter_fish_body_color_blue_1.json
12	false	false	true	logTest	pilot	2091-41a1cdbf-69a5-481a-b7b2-24f9dfa78596	1540407680819	student	2	CONJUNCTION	./js/training_data_critter_fish_body_color_blue_1.json	./js/test_data_critter_fish_body_color_blue_1.json
13	false	false	true	logTest	pilot	2091-41a1cdbf-69a5-481a-b7b2-24f9dfa78596	1540407680819	student	2	CONJUNCTION	./js/training_data_critter_fish_body_color_blue_1.json	./js/test_data_critter_fish_body_color_blue_1.json
14	false	false	true	logTest	pilot	2091-41a1cdbf-69a5-481a-b7b2-24f9dfa78596	1540407680819	student	2	CONJUNCTION	./js/training_data_critter_fish_body_color_blue_1.json	./js/test_data_critter_fish_body_color_blue_1.json
15	false	true	false	logTest	pilot	2091-41a1cdbf-69a5-481a-b7b2-24f9dfa78596	1540407680819	student	2	CONJUNCTION	./js/training_data_critter_fish_body_color_blue_1.json	./js/test_data_critter_fish_body_color_blue_1.json
16	false	false	true	logTest	pilot	2091-41a1cdbf-69a5-481a-b7b2-24f9dfa78596	1540407680819	student	2	CONJUNCTION	./js/training_data_critter_fish_body_color_blue_1.json	./js/test_data_critter_fish_body_color_blue_1.json
17	false	false	true	logTest	pilot	2091-41a1cdbf-69a5-481a-b7b2-24f9dfa78596	1540407680819	student	2	CONJUNCTION	./js/training_data_critter_fish_body_color_blue_1.json	./js/test_data_critter_fish_body_color_blue_1.json
18	false	false	true	logTest	pilot	2091-41a1cdbf-69a5-481a-b7b2-24f9dfa78596	1540407680819	student	2	CONJUNCTION	./js/training_data_critter_fish_body_color_blue_1.json	./js/test_data_critter_fish_body_color_blue_1.json
19	false	false	true	logTest	pilot	2091-41a1cdbf-69a5-481a-b7b2-24f9dfa78596	1540407680819	student	2	CONJUNCTION	./js/training_data_critter_fish_body_color_blue_1.json	./js/test_data_critter_fish_body_color_blue_1.json
20	false	true	false	logTest	pilot	2091-41a1cdbf-69a5-481a-b7b2-24f9dfa78596	1540407680819	student	2	CONJUNCTION	./js/training_data_critter_fish_body_color_blue_1.json	./js/test_data_critter_fish_body_color_blue_1.json
21	true	true	true	logTest	pilot	2091-41a1cdbf-69a5-481a-b7b2-24f9dfa78596	1540407680819	student	2	CONJUNCTION	./js/training_data_critter_fish_body_color_blue_1.json	./js/test_data_critter_fish_body_color_blue_1.json
22	false	false	true	logTest	pilot	2091-41a1cdbf-69a5-481a-b7b2-24f9dfa78596	1540407680819	student	2	CONJUNCTION	./js/training_data_critter_fish_body_color_blue_1.json	./js/test_data_critter_fish_body_color_blue_1.json
23	false	false	true	logTest	pilot	2091-41a1cdbf-69a5-481a-b7b2-24f9dfa78596	1540407680819	student	2	CONJUNCTION	./js/training_data_critter_fish_body_color_blue_1.json	./js/test_data_critter_fish_body_color_blue_1.json
24	true	true	true	logTest	pilot	2091-41a1cdbf-69a5-481a-b7b2-24f9dfa78596	1540407680819	student	2	CONJUNCTION	./js/training_data_critter_fish_body_color_blue_1.json	./js/test_data_critter_fish_body_color_blue_1.json
25	false	false	true	logTest	pilot	2091-41a1cdbf-69a5-481a-b7b2-24f9dfa78596	1540407680819	student	2	CONJUNCTION	./js/training_data_critter_fish_body_color_blue_1.json	./js/test_data_critter_fish_body_color_blue_1.json
26	false	false	true	logTest	pilot	2091-41a1cdbf-69a5-481a-b7b2-24f9dfa78596	1540407680819	student	2	CONJUNCTION	./js/training_data_critter_fish_body_color_blue_1.json	./js/test_data_critter_fish_body_color_blue_1.json
27	false	false	true	logTest	pilot	2091-41a1cdbf-69a5-481a-b7b2-24f9dfa78596	1540407680819	student	2	CONJUNCTION	./js/training_data_critter_fish_body_color_blue_1.json	./js/test_data_critter_fish_body_color_blue_1.json
0	false	false	true	logTest	pilot	2091-41a1cdbf-69a5-481a-b7b2-24f9dfa78596	1540407895419	student	4	CONJUNCTION	./js/training_data_body_color_orange_secondary_color_purple_1.json	./js/test_data_body_color_orange_secondary_color_purple_1.json
1	true	true	true	logTest	pilot	2091-41a1cdbf-69a5-481a-b7b2-24f9dfa78596	1540407895419	student	4	CONJUNCTION	./js/training_data_body_color_orange_secondary_color_purple_1.json	./js/test_data_body_color_orange_secondary_color_purple_1.json
2	false	false	true	logTest	pilot	2091-41a1cdbf-69a5-481a-b7b2-24f9dfa78596	1540407895419	student	4	CONJUNCTION	./js/training_data_body_color_orange_secondary_color_purple_1.json	./js/test_data_body_color_orange_secondary_color_purple_1.json
3	false	false	true	logTest	pilot	2091-41a1cdbf-69a5-481a-b7b2-24f9dfa78596	1540407895419	student	4	CONJUNCTION	./js/training_data_body_color_orange_secondary_color_purple_1.json	./js/test_data_body_color_orange_secondary_color_purple_1.json
4	false	false	true	logTest	pilot	2091-41a1cdbf-69a5-481a-b7b2-24f9dfa78596	1540407895419	student	4	CONJUNCTION	./js/training_data_body_color_orange_secondary_color_purple_1.json	./js/test_data_body_color_orange_secondary_color_purple_1.json
5	false	false	true	logTest	pilot	2091-41a1cdbf-69a5-481a-b7b2-24f9dfa78596	1540407895419	student	4	CONJUNCTION	./js/training_data_body_color_orange_secondary_color_purple_1.json	./js/test_data_body_color_orange_secondary_color_purple_1.json
6	false	false	true	logTest	pilot	2091-41a1cdbf-69a5-481a-b7b2-24f9dfa78596	1540407895419	student	4	CONJUNCTION	./js/training_data_body_color_orange_secondary_color_purple_1.json	./js/test_data_body_color_orange_secondary_color_purple_1.json
7	false	false	true	logTest	pilot	2091-41a1cdbf-69a5-481a-b7b2-24f9dfa78596	1540407895419	student	4	CONJUNCTION	./js/training_data_body_color_orange_secondary_color_purple_1.json	./js/test_data_body_color_orange_secondary_color_purple_1.json
8	false	false	true	logTest	pilot	2091-41a1cdbf-69a5-481a-b7b2-24f9dfa78596	1540407895419	student	4	CONJUNCTION	./js/training_data_body_color_orange_secondary_color_purple_1.json	./js/test_data_body_color_orange_secondary_color_purple_1.json
9	false	false	true	logTest	pilot	2091-41a1cdbf-69a5-481a-b7b2-24f9dfa78596	1540407895419	student	4	CONJUNCTION	./js/training_data_body_color_orange_secondary_color_purple_1.json	./js/test_data_body_color_orange_secondary_color_purple_1.json
10	false	false	true	logTest	pilot	2091-41a1cdbf-69a5-481a-b7b2-24f9dfa78596	1540407895419	student	4	CONJUNCTION	./js/training_data_body_color_orange_secondary_color_purple_1.json	./js/test_data_body_color_orange_secondary_color_purple_1.json
11	false	false	true	logTest	pilot	2091-41a1cdbf-69a5-481a-b7b2-24f9dfa78596	1540407895419	student	4	CONJUNCTION	./js/training_data_body_color_orange_secondary_color_purple_1.json	./js/test_data_body_color_orange_secondary_color_purple_1.json
12	false	false	true	logTest	pilot	2091-41a1cdbf-69a5-481a-b7b2-24f9dfa78596	1540407895419	student	4	CONJUNCTION	./js/training_data_body_color_orange_secondary_color_purple_1.json	./js/test_data_body_color_orange_secondary_color_purple_1.json
13	false	false	true	logTest	pilot	2091-41a1cdbf-69a5-481a-b7b2-24f9dfa78596	1540407895419	student	4	CONJUNCTION	./js/training_data_body_color_orange_secondary_color_purple_1.json	./js/test_data_body_color_orange_secondary_color_purple_1.json
14	true	true	true	logTest	pilot	2091-41a1cdbf-69a5-481a-b7b2-24f9dfa78596	1540407895419	student	4	CONJUNCTION	./js/training_data_body_color_orange_secondary_color_purple_1.json	./js/test_data_body_color_orange_secondary_color_purple_1.json
15	false	false	true	logTest	pilot	2091-41a1cdbf-69a5-481a-b7b2-24f9dfa78596	1540407895419	student	4	CONJUNCTION	./js/training_data_body_color_orange_secondary_color_purple_1.json	./js/test_data_body_color_orange_secondary_color_purple_1.json
16	false	false	true	logTest	pilot	2091-41a1cdbf-69a5-481a-b7b2-24f9dfa78596	1540407895419	student	4	CONJUNCTION	./js/training_data_body_color_orange_secondary_color_purple_1.json	./js/test_data_body_color_orange_secondary_color_purple_1.json
17	false	false	true	logTest	pilot	2091-41a1cdbf-69a5-481a-b7b2-24f9dfa78596	1540407895419	student	4	CONJUNCTION	./js/training_data_body_color_orange_secondary_color_purple_1.json	./js/test_data_body_color_orange_secondary_color_purple_1.json
18	false	false	true	logTest	pilot	2091-41a1cdbf-69a5-481a-b7b2-24f9dfa78596	1540407895419	student	4	CONJUNCTION	./js/training_data_body_color_orange_secondary_color_purple_1.json	./js/test_data_body_color_orange_secondary_color_purple_1.json
19	false	false	true	logTest	pilot	2091-41a1cdbf-69a5-481a-b7b2-24f9dfa78596	1540407895419	student	4	CONJUNCTION	./js/training_data_body_color_orange_secondary_color_purple_1.json	./js/test_data_body_color_orange_secondary_color_purple_1.json
20	false	false	true	logTest	pilot	2091-41a1cdbf-69a5-481a-b7b2-24f9dfa78596	1540407895419	student	4	CONJUNCTION	./js/training_data_body_color_orange_secondary_color_purple_1.json	./js/test_data_body_color_orange_secondary_color_purple_1.json
21	true	true	true	logTest	pilot	2091-41a1cdbf-69a5-481a-b7b2-24f9dfa78596	1540407895419	student	4	CONJUNCTION	./js/training_data_body_color_orange_secondary_color_purple_1.json	./js/test_data_body_color_orange_secondary_color_purple_1.json
22	false	false	true	logTest	pilot	2091-41a1cdbf-69a5-481a-b7b2-24f9dfa78596	1540407895419	student	4	CONJUNCTION	./js/training_data_body_color_orange_secondary_color_purple_1.json	./js/test_data_body_color_orange_secondary_color_purple_1.json
23	false	false	true	logTest	pilot	2091-41a1cdbf-69a5-481a-b7b2-24f9dfa78596	1540407895419	student	4	CONJUNCTION	./js/training_data_body_color_orange_secondary_color_purple_1.json	./js/test_data_body_color_orange_secondary_color_purple_1.json
24	false	false	true	logTest	pilot	2091-41a1cdbf-69a5-481a-b7b2-24f9dfa78596	1540407895419	student	4	CONJUNCTION	./js/training_data_body_color_orange_secondary_color_purple_1.json	./js/test_data_body_color_orange_secondary_color_purple_1.json
25	false	false	true	logTest	pilot	2091-41a1cdbf-69a5-481a-b7b2-24f9dfa78596	1540407895419	student	4	CONJUNCTION	./js/training_data_body_color_orange_secondary_color_purple_1.json	./js/test_data_body_color_orange_secondary_color_purple_1.json
26	false	false	true	logTest	pilot	2091-41a1cdbf-69a5-481a-b7b2-24f9dfa78596	1540407895419	student	4	CONJUNCTION	./js/training_data_body_color_orange_secondary_color_purple_1.json	./js/test_data_body_color_orange_secondary_color_purple_1.json
27	false	false	true	logTest	pilot	2091-41a1cdbf-69a5-481a-b7b2-24f9dfa78596	1540407895419	student	4	CONJUNCTION	./js/training_data_body_color_orange_secondary_color_purple_1.json	./js/test_data_body_color_orange_secondary_color_purple_1.json
28	false	false	true	logTest	pilot	2091-41a1cdbf-69a5-481a-b7b2-24f9dfa78596	1540407895419	student	4	CONJUNCTION	./js/training_data_body_color_orange_secondary_color_purple_1.json	./js/test_data_body_color_orange_secondary_color_purple_1.json
29	true	true	true	logTest	pilot	2091-41a1cdbf-69a5-481a-b7b2-24f9dfa78596	1540407895419	student	4	CONJUNCTION	./js/training_data_body_color_orange_secondary_color_purple_1.json	./js/test_data_body_color_orange_secondary_color_purple_1.json
30	false	false	true	logTest	pilot	2091-41a1cdbf-69a5-481a-b7b2-24f9dfa78596	1540407895419	student	4	CONJUNCTION	./js/training_data_body_color_orange_secondary_color_purple_1.json	./js/test_data_body_color_orange_secondary_color_purple_1.json
0	false	false	true	logTest	pilot	2091-41a1cdbf-69a5-481a-b7b2-24f9dfa78596	1540407911063	explorer	4	CONJUNCTION	./js/training_data_body_color_orange_secondary_color_purple_1.json	./js/test_data_body_color_orange_secondary_color_purple_1.json
1	true	true	true	logTest	pilot	2091-41a1cdbf-69a5-481a-b7b2-24f9dfa78596	1540407911063	explorer	4	CONJUNCTION	./js/training_data_body_color_orange_secondary_color_purple_1.json	./js/test_data_body_color_orange_secondary_color_purple_1.json
2	false	false	true	logTest	pilot	2091-41a1cdbf-69a5-481a-b7b2-24f9dfa78596	1540407911063	explorer	4	CONJUNCTION	./js/training_data_body_color_orange_secondary_color_purple_1.json	./js/test_data_body_color_orange_secondary_color_purple_1.json
3	false	false	true	logTest	pilot	2091-41a1cdbf-69a5-481a-b7b2-24f9dfa78596	1540407911063	explorer	4	CONJUNCTION	./js/training_data_body_color_orange_secondary_color_purple_1.json	./js/test_data_body_color_orange_secondary_color_purple_1.json
4	false	false	true	logTest	pilot	2091-41a1cdbf-69a5-481a-b7b2-24f9dfa78596	1540407911063	explorer	4	CONJUNCTION	./js/training_data_body_color_orange_secondary_color_purple_1.json	./js/test_data_body_color_orange_secondary_color_purple_1.json
5	false	false	true	logTest	pilot	2091-41a1cdbf-69a5-481a-b7b2-24f9dfa78596	1540407911063	explorer	4	CONJUNCTION	./js/training_data_body_color_orange_secondary_color_purple_1.json	./js/test_data_body_color_orange_secondary_color_purple_1.json
6	false	false	true	logTest	pilot	2091-41a1cdbf-69a5-481a-b7b2-24f9dfa78596	1540407911063	explorer	4	CONJUNCTION	./js/training_data_body_color_orange_secondary_color_purple_1.json	./js/test_data_body_color_orange_secondary_color_purple_1.json
7	false	false	true	logTest	pilot	2091-41a1cdbf-69a5-481a-b7b2-24f9dfa78596	1540407911063	explorer	4	CONJUNCTION	./js/training_data_body_color_orange_secondary_color_purple_1.json	./js/test_data_body_color_orange_secondary_color_purple_1.json
8	false	false	true	logTest	pilot	2091-41a1cdbf-69a5-481a-b7b2-24f9dfa78596	1540407911063	explorer	4	CONJUNCTION	./js/training_data_body_color_orange_secondary_color_purple_1.json	./js/test_data_body_color_orange_secondary_color_purple_1.json
9	false	false	true	logTest	pilot	2091-41a1cdbf-69a5-481a-b7b2-24f9dfa78596	1540407911063	explorer	4	CONJUNCTION	./js/training_data_body_color_orange_secondary_color_purple_1.json	./js/test_data_body_color_orange_secondary_color_purple_1.json
10	false	false	true	logTest	pilot	2091-41a1cdbf-69a5-481a-b7b2-24f9dfa78596	1540407911063	explorer	4	CONJUNCTION	./js/training_data_body_color_orange_secondary_color_purple_1.json	./js/test_data_body_color_orange_secondary_color_purple_1.json
11	false	false	true	logTest	pilot	2091-41a1cdbf-69a5-481a-b7b2-24f9dfa78596	1540407911063	explorer	4	CONJUNCTION	./js/training_data_body_color_orange_secondary_color_purple_1.json	./js/test_data_body_color_orange_secondary_color_purple_1.json
12	false	false	true	logTest	pilot	2091-41a1cdbf-69a5-481a-b7b2-24f9dfa78596	1540407911063	explorer	4	CONJUNCTION	./js/training_data_body_color_orange_secondary_color_purple_1.json	./js/test_data_body_color_orange_secondary_color_purple_1.json
13	false	false	true	logTest	pilot	2091-41a1cdbf-69a5-481a-b7b2-24f9dfa78596	1540407911063	explorer	4	CONJUNCTION	./js/training_data_body_color_orange_secondary_color_purple_1.json	./js/test_data_body_color_orange_secondary_color_purple_1.json
14	true	true	true	logTest	pilot	2091-41a1cdbf-69a5-481a-b7b2-24f9dfa78596	1540407911063	explorer	4	CONJUNCTION	./js/training_data_body_color_orange_secondary_color_purple_1.json	./js/test_data_body_color_orange_secondary_color_purple_1.json
15	false	false	true	logTest	pilot	2091-41a1cdbf-69a5-481a-b7b2-24f9dfa78596	1540407911063	explorer	4	CONJUNCTION	./js/training_data_body_color_orange_secondary_color_purple_1.json	./js/test_data_body_color_orange_secondary_color_purple_1.json
16	false	false	true	logTest	pilot	2091-41a1cdbf-69a5-481a-b7b2-24f9dfa78596	1540407911063	explorer	4	CONJUNCTION	./js/training_data_body_color_orange_secondary_color_purple_1.json	./js/test_data_body_color_orange_secondary_color_purple_1.json
17	false	false	true	logTest	pilot	2091-41a1cdbf-69a5-481a-b7b2-24f9dfa78596	1540407911063	explorer	4	CONJUNCTION	./js/training_data_body_color_orange_secondary_color_purple_1.json	./js/test_data_body_color_orange_secondary_color_purple_1.json
18	false	false	true	logTest	pilot	2091-41a1cdbf-69a5-481a-b7b2-24f9dfa78596	1540407911063	explorer	4	CONJUNCTION	./js/training_data_body_color_orange_secondary_color_purple_1.json	./js/test_data_body_color_orange_secondary_color_purple_1.json
19	false	false	true	logTest	pilot	2091-41a1cdbf-69a5-481a-b7b2-24f9dfa78596	1540407911063	explorer	4	CONJUNCTION	./js/training_data_body_color_orange_secondary_color_purple_1.json	./js/test_data_body_color_orange_secondary_color_purple_1.json
20	false	false	true	logTest	pilot	2091-41a1cdbf-69a5-481a-b7b2-24f9dfa78596	1540407911063	explorer	4	CONJUNCTION	./js/training_data_body_color_orange_secondary_color_purple_1.json	./js/test_data_body_color_orange_secondary_color_purple_1.json
21	true	true	true	logTest	pilot	2091-41a1cdbf-69a5-481a-b7b2-24f9dfa78596	1540407911063	explorer	4	CONJUNCTION	./js/training_data_body_color_orange_secondary_color_purple_1.json	./js/test_data_body_color_orange_secondary_color_purple_1.json
22	false	false	true	logTest	pilot	2091-41a1cdbf-69a5-481a-b7b2-24f9dfa78596	1540407911063	explorer	4	CONJUNCTION	./js/training_data_body_color_orange_secondary_color_purple_1.json	./js/test_data_body_color_orange_secondary_color_purple_1.json
23	false	false	true	logTest	pilot	2091-41a1cdbf-69a5-481a-b7b2-24f9dfa78596	1540407911063	explorer	4	CONJUNCTION	./js/training_data_body_color_orange_secondary_color_purple_1.json	./js/test_data_body_color_orange_secondary_color_purple_1.json
24	false	false	true	logTest	pilot	2091-41a1cdbf-69a5-481a-b7b2-24f9dfa78596	1540407911063	explorer	4	CONJUNCTION	./js/training_data_body_color_orange_secondary_color_purple_1.json	./js/test_data_body_color_orange_secondary_color_purple_1.json
25	false	false	true	logTest	pilot	2091-41a1cdbf-69a5-481a-b7b2-24f9dfa78596	1540407911063	explorer	4	CONJUNCTION	./js/training_data_body_color_orange_secondary_color_purple_1.json	./js/test_data_body_color_orange_secondary_color_purple_1.json
26	false	false	true	logTest	pilot	2091-41a1cdbf-69a5-481a-b7b2-24f9dfa78596	1540407911063	explorer	4	CONJUNCTION	./js/training_data_body_color_orange_secondary_color_purple_1.json	./js/test_data_body_color_orange_secondary_color_purple_1.json
27	false	false	true	logTest	pilot	2091-41a1cdbf-69a5-481a-b7b2-24f9dfa78596	1540407911063	explorer	4	CONJUNCTION	./js/training_data_body_color_orange_secondary_color_purple_1.json	./js/test_data_body_color_orange_secondary_color_purple_1.json
28	false	false	true	logTest	pilot	2091-41a1cdbf-69a5-481a-b7b2-24f9dfa78596	1540407911063	explorer	4	CONJUNCTION	./js/training_data_body_color_orange_secondary_color_purple_1.json	./js/test_data_body_color_orange_secondary_color_purple_1.json
29	true	true	true	logTest	pilot	2091-41a1cdbf-69a5-481a-b7b2-24f9dfa78596	1540407911063	explorer	4	CONJUNCTION	./js/training_data_body_color_orange_secondary_color_purple_1.json	./js/test_data_body_color_orange_secondary_color_purple_1.json
30	false	false	true	logTest	pilot	2091-41a1cdbf-69a5-481a-b7b2-24f9dfa78596	1540407911063	explorer	4	CONJUNCTION	./js/training_data_body_color_orange_secondary_color_purple_1.json	./js/test_data_body_color_orange_secondary_color_purple_1.json
0	false	true	false	logTest	pilot	2091-41a1cdbf-69a5-481a-b7b2-24f9dfa78596	1540408264387	explorer	6	DISJUNCTION	./js/training_data_critter_bug_or_secondary_color_yellow_1.json	./js/test_data_critter_bug_or_secondary_color_yellow_1.json
1	false	false	true	logTest	pilot	2091-41a1cdbf-69a5-481a-b7b2-24f9dfa78596	1540408264387	explorer	6	DISJUNCTION	./js/training_data_critter_bug_or_secondary_color_yellow_1.json	./js/test_data_critter_bug_or_secondary_color_yellow_1.json
2	false	true	false	logTest	pilot	2091-41a1cdbf-69a5-481a-b7b2-24f9dfa78596	1540408264387	explorer	6	DISJUNCTION	./js/training_data_critter_bug_or_secondary_color_yellow_1.json	./js/test_data_critter_bug_or_secondary_color_yellow_1.json
3	false	false	true	logTest	pilot	2091-41a1cdbf-69a5-481a-b7b2-24f9dfa78596	1540408264387	explorer	6	DISJUNCTION	./js/training_data_critter_bug_or_secondary_color_yellow_1.json	./js/test_data_critter_bug_or_secondary_color_yellow_1.json
4	false	true	false	logTest	pilot	2091-41a1cdbf-69a5-481a-b7b2-24f9dfa78596	1540408264387	explorer	6	DISJUNCTION	./js/training_data_critter_bug_or_secondary_color_yellow_1.json	./js/test_data_critter_bug_or_secondary_color_yellow_1.json
5	false	true	false	logTest	pilot	2091-41a1cdbf-69a5-481a-b7b2-24f9dfa78596	1540408264387	explorer	6	DISJUNCTION	./js/training_data_critter_bug_or_secondary_color_yellow_1.json	./js/test_data_critter_bug_or_secondary_color_yellow_1.json
6	false	false	true	logTest	pilot	2091-41a1cdbf-69a5-481a-b7b2-24f9dfa78596	1540408264387	explorer	6	DISJUNCTION	./js/training_data_critter_bug_or_secondary_color_yellow_1.json	./js/test_data_critter_bug_or_secondary_color_yellow_1.json
7	false	false	true	logTest	pilot	2091-41a1cdbf-69a5-481a-b7b2-24f9dfa78596	1540408264387	explorer	6	DISJUNCTION	./js/training_data_critter_bug_or_secondary_color_yellow_1.json	./js/test_data_critter_bug_or_secondary_color_yellow_1.json
8	false	true	false	logTest	pilot	2091-41a1cdbf-69a5-481a-b7b2-24f9dfa78596	1540408264387	explorer	6	DISJUNCTION	./js/training_data_critter_bug_or_secondary_color_yellow_1.json	./js/test_data_critter_bug_or_secondary_color_yellow_1.json
9	false	false	true	logTest	pilot	2091-41a1cdbf-69a5-481a-b7b2-24f9dfa78596	1540408264387	explorer	6	DISJUNCTION	./js/training_data_critter_bug_or_secondary_color_yellow_1.json	./js/test_data_critter_bug_or_secondary_color_yellow_1.json
10	true	true	true	logTest	pilot	2091-41a1cdbf-69a5-481a-b7b2-24f9dfa78596	1540408264387	explorer	6	DISJUNCTION	./js/training_data_critter_bug_or_secondary_color_yellow_1.json	./js/test_data_critter_bug_or_secondary_color_yellow_1.json
11	false	false	true	logTest	pilot	2091-41a1cdbf-69a5-481a-b7b2-24f9dfa78596	1540408264387	explorer	6	DISJUNCTION	./js/training_data_critter_bug_or_secondary_color_yellow_1.json	./js/test_data_critter_bug_or_secondary_color_yellow_1.json
12	true	true	true	logTest	pilot	2091-41a1cdbf-69a5-481a-b7b2-24f9dfa78596	1540408264387	explorer	6	DISJUNCTION	./js/training_data_critter_bug_or_secondary_color_yellow_1.json	./js/test_data_critter_bug_or_secondary_color_yellow_1.json
13	false	true	false	logTest	pilot	2091-41a1cdbf-69a5-481a-b7b2-24f9dfa78596	1540408264387	explorer	6	DISJUNCTION	./js/training_data_critter_bug_or_secondary_color_yellow_1.json	./js/test_data_critter_bug_or_secondary_color_yellow_1.json
14	true	true	true	logTest	pilot	2091-41a1cdbf-69a5-481a-b7b2-24f9dfa78596	1540408264387	explorer	6	DISJUNCTION	./js/training_data_critter_bug_or_secondary_color_yellow_1.json	./js/test_data_critter_bug_or_secondary_color_yellow_1.json
15	false	true	false	logTest	pilot	2091-41a1cdbf-69a5-481a-b7b2-24f9dfa78596	1540408264387	explorer	6	DISJUNCTION	./js/training_data_critter_bug_or_secondary_color_yellow_1.json	./js/test_data_critter_bug_or_secondary_color_yellow_1.json
16	false	true	false	logTest	pilot	2091-41a1cdbf-69a5-481a-b7b2-24f9dfa78596	1540408264387	explorer	6	DISJUNCTION	./js/training_data_critter_bug_or_secondary_color_yellow_1.json	./js/test_data_critter_bug_or_secondary_color_yellow_1.json
17	false	true	false	logTest	pilot	2091-41a1cdbf-69a5-481a-b7b2-24f9dfa78596	1540408264387	explorer	6	DISJUNCTION	./js/training_data_critter_bug_or_secondary_color_yellow_1.json	./js/test_data_critter_bug_or_secondary_color_yellow_1.json
18	false	false	true	logTest	pilot	2091-41a1cdbf-69a5-481a-b7b2-24f9dfa78596	1540408264387	explorer	6	DISJUNCTION	./js/training_data_critter_bug_or_secondary_color_yellow_1.json	./js/test_data_critter_bug_or_secondary_color_yellow_1.json
19	false	true	false	logTest	pilot	2091-41a1cdbf-69a5-481a-b7b2-24f9dfa78596	1540408264387	explorer	6	DISJUNCTION	./js/training_data_critter_bug_or_secondary_color_yellow_1.json	./js/test_data_critter_bug_or_secondary_color_yellow_1.json
20	false	true	false	logTest	pilot	2091-41a1cdbf-69a5-481a-b7b2-24f9dfa78596	1540408264387	explorer	6	DISJUNCTION	./js/training_data_critter_bug_or_secondary_color_yellow_1.json	./js/test_data_critter_bug_or_secondary_color_yellow_1.json
21	false	false	true	logTest	pilot	2091-41a1cdbf-69a5-481a-b7b2-24f9dfa78596	1540408264387	explorer	6	DISJUNCTION	./js/training_data_critter_bug_or_secondary_color_yellow_1.json	./js/test_data_critter_bug_or_secondary_color_yellow_1.json
22	false	false	true	logTest	pilot	2091-41a1cdbf-69a5-481a-b7b2-24f9dfa78596	1540408264387	explorer	6	DISJUNCTION	./js/training_data_critter_bug_or_secondary_color_yellow_1.json	./js/test_data_critter_bug_or_secondary_color_yellow_1.json
23	false	true	false	logTest	pilot	2091-41a1cdbf-69a5-481a-b7b2-24f9dfa78596	1540408264387	explorer	6	DISJUNCTION	./js/training_data_critter_bug_or_secondary_color_yellow_1.json	./js/test_data_critter_bug_or_secondary_color_yellow_1.json
24	false	true	false	logTest	pilot	2091-41a1cdbf-69a5-481a-b7b2-24f9dfa78596	1540408264387	explorer	6	DISJUNCTION	./js/training_data_critter_bug_or_secondary_color_yellow_1.json	./js/test_data_critter_bug_or_secondary_color_yellow_1.json
25	false	true	false	logTest	pilot	2091-41a1cdbf-69a5-481a-b7b2-24f9dfa78596	1540408264387	explorer	6	DISJUNCTION	./js/training_data_critter_bug_or_secondary_color_yellow_1.json	./js/test_data_critter_bug_or_secondary_color_yellow_1.json
26	false	true	false	logTest	pilot	2091-41a1cdbf-69a5-481a-b7b2-24f9dfa78596	1540408264387	explorer	6	DISJUNCTION	./js/training_data_critter_bug_or_secondary_color_yellow_1.json	./js/test_data_critter_bug_or_secondary_color_yellow_1.json
27	false	false	true	logTest	pilot	2091-41a1cdbf-69a5-481a-b7b2-24f9dfa78596	1540408264387	explorer	6	DISJUNCTION	./js/training_data_critter_bug_or_secondary_color_yellow_1.json	./js/test_data_critter_bug_or_secondary_color_yellow_1.json
28	true	false	false	logTest	pilot	2091-41a1cdbf-69a5-481a-b7b2-24f9dfa78596	1540408264387	explorer	6	DISJUNCTION	./js/training_data_critter_bug_or_secondary_color_yellow_1.json	./js/test_data_critter_bug_or_secondary_color_yellow_1.json
29	false	false	true	logTest	pilot	2091-41a1cdbf-69a5-481a-b7b2-24f9dfa78596	1540408264387	explorer	6	DISJUNCTION	./js/training_data_critter_bug_or_secondary_color_yellow_1.json	./js/test_data_critter_bug_or_secondary_color_yellow_1.json
0	false	true	false	logTest	pilot	2091-41a1cdbf-69a5-481a-b7b2-24f9dfa78596	1540408268357	student	6	DISJUNCTION	./js/training_data_critter_bug_or_secondary_color_yellow_1.json	./js/test_data_critter_bug_or_secondary_color_yellow_1.json
1	false	false	true	logTest	pilot	2091-41a1cdbf-69a5-481a-b7b2-24f9dfa78596	1540408268357	student	6	DISJUNCTION	./js/training_data_critter_bug_or_secondary_color_yellow_1.json	./js/test_data_critter_bug_or_secondary_color_yellow_1.json
2	false	true	false	logTest	pilot	2091-41a1cdbf-69a5-481a-b7b2-24f9dfa78596	1540408268357	student	6	DISJUNCTION	./js/training_data_critter_bug_or_secondary_color_yellow_1.json	./js/test_data_critter_bug_or_secondary_color_yellow_1.json
3	false	false	true	logTest	pilot	2091-41a1cdbf-69a5-481a-b7b2-24f9dfa78596	1540408268357	student	6	DISJUNCTION	./js/training_data_critter_bug_or_secondary_color_yellow_1.json	./js/test_data_critter_bug_or_secondary_color_yellow_1.json
4	false	true	false	logTest	pilot	2091-41a1cdbf-69a5-481a-b7b2-24f9dfa78596	1540408268357	student	6	DISJUNCTION	./js/training_data_critter_bug_or_secondary_color_yellow_1.json	./js/test_data_critter_bug_or_secondary_color_yellow_1.json
5	false	true	false	logTest	pilot	2091-41a1cdbf-69a5-481a-b7b2-24f9dfa78596	1540408268357	student	6	DISJUNCTION	./js/training_data_critter_bug_or_secondary_color_yellow_1.json	./js/test_data_critter_bug_or_secondary_color_yellow_1.json
6	false	false	true	logTest	pilot	2091-41a1cdbf-69a5-481a-b7b2-24f9dfa78596	1540408268357	student	6	DISJUNCTION	./js/training_data_critter_bug_or_secondary_color_yellow_1.json	./js/test_data_critter_bug_or_secondary_color_yellow_1.json
7	false	false	true	logTest	pilot	2091-41a1cdbf-69a5-481a-b7b2-24f9dfa78596	1540408268357	student	6	DISJUNCTION	./js/training_data_critter_bug_or_secondary_color_yellow_1.json	./js/test_data_critter_bug_or_secondary_color_yellow_1.json
8	false	true	false	logTest	pilot	2091-41a1cdbf-69a5-481a-b7b2-24f9dfa78596	1540408268357	student	6	DISJUNCTION	./js/training_data_critter_bug_or_secondary_color_yellow_1.json	./js/test_data_critter_bug_or_secondary_color_yellow_1.json
9	false	false	true	logTest	pilot	2091-41a1cdbf-69a5-481a-b7b2-24f9dfa78596	1540408268357	student	6	DISJUNCTION	./js/training_data_critter_bug_or_secondary_color_yellow_1.json	./js/test_data_critter_bug_or_secondary_color_yellow_1.json
10	true	true	true	logTest	pilot	2091-41a1cdbf-69a5-481a-b7b2-24f9dfa78596	1540408268357	student	6	DISJUNCTION	./js/training_data_critter_bug_or_secondary_color_yellow_1.json	./js/test_data_critter_bug_or_secondary_color_yellow_1.json
11	false	false	true	logTest	pilot	2091-41a1cdbf-69a5-481a-b7b2-24f9dfa78596	1540408268357	student	6	DISJUNCTION	./js/training_data_critter_bug_or_secondary_color_yellow_1.json	./js/test_data_critter_bug_or_secondary_color_yellow_1.json
12	false	true	false	logTest	pilot	2091-41a1cdbf-69a5-481a-b7b2-24f9dfa78596	1540408268357	student	6	DISJUNCTION	./js/training_data_critter_bug_or_secondary_color_yellow_1.json	./js/test_data_critter_bug_or_secondary_color_yellow_1.json
13	false	true	false	logTest	pilot	2091-41a1cdbf-69a5-481a-b7b2-24f9dfa78596	1540408268357	student	6	DISJUNCTION	./js/training_data_critter_bug_or_secondary_color_yellow_1.json	./js/test_data_critter_bug_or_secondary_color_yellow_1.json
14	true	true	true	logTest	pilot	2091-41a1cdbf-69a5-481a-b7b2-24f9dfa78596	1540408268357	student	6	DISJUNCTION	./js/training_data_critter_bug_or_secondary_color_yellow_1.json	./js/test_data_critter_bug_or_secondary_color_yellow_1.json
15	false	true	false	logTest	pilot	2091-41a1cdbf-69a5-481a-b7b2-24f9dfa78596	1540408268357	student	6	DISJUNCTION	./js/training_data_critter_bug_or_secondary_color_yellow_1.json	./js/test_data_critter_bug_or_secondary_color_yellow_1.json
16	false	true	false	logTest	pilot	2091-41a1cdbf-69a5-481a-b7b2-24f9dfa78596	1540408268357	student	6	DISJUNCTION	./js/training_data_critter_bug_or_secondary_color_yellow_1.json	./js/test_data_critter_bug_or_secondary_color_yellow_1.json
17	false	true	false	logTest	pilot	2091-41a1cdbf-69a5-481a-b7b2-24f9dfa78596	1540408268357	student	6	DISJUNCTION	./js/training_data_critter_bug_or_secondary_color_yellow_1.json	./js/test_data_critter_bug_or_secondary_color_yellow_1.json
18	false	false	true	logTest	pilot	2091-41a1cdbf-69a5-481a-b7b2-24f9dfa78596	1540408268357	student	6	DISJUNCTION	./js/training_data_critter_bug_or_secondary_color_yellow_1.json	./js/test_data_critter_bug_or_secondary_color_yellow_1.json
19	true	true	true	logTest	pilot	2091-41a1cdbf-69a5-481a-b7b2-24f9dfa78596	1540408268357	student	6	DISJUNCTION	./js/training_data_critter_bug_or_secondary_color_yellow_1.json	./js/test_data_critter_bug_or_secondary_color_yellow_1.json
20	false	true	false	logTest	pilot	2091-41a1cdbf-69a5-481a-b7b2-24f9dfa78596	1540408268357	student	6	DISJUNCTION	./js/training_data_critter_bug_or_secondary_color_yellow_1.json	./js/test_data_critter_bug_or_secondary_color_yellow_1.json
21	false	false	true	logTest	pilot	2091-41a1cdbf-69a5-481a-b7b2-24f9dfa78596	1540408268357	student	6	DISJUNCTION	./js/training_data_critter_bug_or_secondary_color_yellow_1.json	./js/test_data_critter_bug_or_secondary_color_yellow_1.json
22	false	false	true	logTest	pilot	2091-41a1cdbf-69a5-481a-b7b2-24f9dfa78596	1540408268357	student	6	DISJUNCTION	./js/training_data_critter_bug_or_secondary_color_yellow_1.json	./js/test_data_critter_bug_or_secondary_color_yellow_1.json
23	false	true	false	logTest	pilot	2091-41a1cdbf-69a5-481a-b7b2-24f9dfa78596	1540408268357	student	6	DISJUNCTION	./js/training_data_critter_bug_or_secondary_color_yellow_1.json	./js/test_data_critter_bug_or_secondary_color_yellow_1.json
24	true	true	true	logTest	pilot	2091-41a1cdbf-69a5-481a-b7b2-24f9dfa78596	1540408268357	student	6	DISJUNCTION	./js/training_data_critter_bug_or_secondary_color_yellow_1.json	./js/test_data_critter_bug_or_secondary_color_yellow_1.json
25	false	true	false	logTest	pilot	2091-41a1cdbf-69a5-481a-b7b2-24f9dfa78596	1540408268357	student	6	DISJUNCTION	./js/training_data_critter_bug_or_secondary_color_yellow_1.json	./js/test_data_critter_bug_or_secondary_color_yellow_1.json
26	false	true	false	logTest	pilot	2091-41a1cdbf-69a5-481a-b7b2-24f9dfa78596	1540408268357	student	6	DISJUNCTION	./js/training_data_critter_bug_or_secondary_color_yellow_1.json	./js/test_data_critter_bug_or_secondary_color_yellow_1.json
27	false	false	true	logTest	pilot	2091-41a1cdbf-69a5-481a-b7b2-24f9dfa78596	1540408268357	student	6	DISJUNCTION	./js/training_data_critter_bug_or_secondary_color_yellow_1.json	./js/test_data_critter_bug_or_secondary_color_yellow_1.json
28	false	false	true	logTest	pilot	2091-41a1cdbf-69a5-481a-b7b2-24f9dfa78596	1540408268357	student	6	DISJUNCTION	./js/training_data_critter_bug_or_secondary_color_yellow_1.json	./js/test_data_critter_bug_or_secondary_color_yellow_1.json
29	false	false	true	logTest	pilot	2091-41a1cdbf-69a5-481a-b7b2-24f9dfa78596	1540408268357	student	6	DISJUNCTION	./js/training_data_critter_bug_or_secondary_color_yellow_1.json	./js/test_data_critter_bug_or_secondary_color_yellow_1.json
0	true	true	true	logTest	pilot	2091-41a1cdbf-69a5-481a-b7b2-24f9dfa78596	1540408550368	student	8	DISJUNCTION	./js/training_data_critter_bird_or_body_color_green_1.json	./js/test_data_critter_bird_or_body_color_green_1.json
1	true	true	true	logTest	pilot	2091-41a1cdbf-69a5-481a-b7b2-24f9dfa78596	1540408550368	student	8	DISJUNCTION	./js/training_data_critter_bird_or_body_color_green_1.json	./js/test_data_critter_bird_or_body_color_green_1.json
2	true	true	true	logTest	pilot	2091-41a1cdbf-69a5-481a-b7b2-24f9dfa78596	1540408550368	student	8	DISJUNCTION	./js/training_data_critter_bird_or_body_color_green_1.json	./js/test_data_critter_bird_or_body_color_green_1.json
3	true	true	true	logTest	pilot	2091-41a1cdbf-69a5-481a-b7b2-24f9dfa78596	1540408550368	student	8	DISJUNCTION	./js/training_data_critter_bird_or_body_color_green_1.json	./js/test_data_critter_bird_or_body_color_green_1.json
4	true	true	true	logTest	pilot	2091-41a1cdbf-69a5-481a-b7b2-24f9dfa78596	1540408550368	student	8	DISJUNCTION	./js/training_data_critter_bird_or_body_color_green_1.json	./js/test_data_critter_bird_or_body_color_green_1.json
5	true	true	true	logTest	pilot	2091-41a1cdbf-69a5-481a-b7b2-24f9dfa78596	1540408550368	student	8	DISJUNCTION	./js/training_data_critter_bird_or_body_color_green_1.json	./js/test_data_critter_bird_or_body_color_green_1.json
6	false	false	true	logTest	pilot	2091-41a1cdbf-69a5-481a-b7b2-24f9dfa78596	1540408550368	student	8	DISJUNCTION	./js/training_data_critter_bird_or_body_color_green_1.json	./js/test_data_critter_bird_or_body_color_green_1.json
7	false	false	true	logTest	pilot	2091-41a1cdbf-69a5-481a-b7b2-24f9dfa78596	1540408550368	student	8	DISJUNCTION	./js/training_data_critter_bird_or_body_color_green_1.json	./js/test_data_critter_bird_or_body_color_green_1.json
8	false	false	true	logTest	pilot	2091-41a1cdbf-69a5-481a-b7b2-24f9dfa78596	1540408550368	student	8	DISJUNCTION	./js/training_data_critter_bird_or_body_color_green_1.json	./js/test_data_critter_bird_or_body_color_green_1.json
9	true	true	true	logTest	pilot	2091-41a1cdbf-69a5-481a-b7b2-24f9dfa78596	1540408550368	student	8	DISJUNCTION	./js/training_data_critter_bird_or_body_color_green_1.json	./js/test_data_critter_bird_or_body_color_green_1.json
10	true	true	true	logTest	pilot	2091-41a1cdbf-69a5-481a-b7b2-24f9dfa78596	1540408550368	student	8	DISJUNCTION	./js/training_data_critter_bird_or_body_color_green_1.json	./js/test_data_critter_bird_or_body_color_green_1.json
11	false	false	true	logTest	pilot	2091-41a1cdbf-69a5-481a-b7b2-24f9dfa78596	1540408550368	student	8	DISJUNCTION	./js/training_data_critter_bird_or_body_color_green_1.json	./js/test_data_critter_bird_or_body_color_green_1.json
12	true	true	true	logTest	pilot	2091-41a1cdbf-69a5-481a-b7b2-24f9dfa78596	1540408550368	student	8	DISJUNCTION	./js/training_data_critter_bird_or_body_color_green_1.json	./js/test_data_critter_bird_or_body_color_green_1.json
13	true	true	true	logTest	pilot	2091-41a1cdbf-69a5-481a-b7b2-24f9dfa78596	1540408550368	student	8	DISJUNCTION	./js/training_data_critter_bird_or_body_color_green_1.json	./js/test_data_critter_bird_or_body_color_green_1.json
14	false	false	true	logTest	pilot	2091-41a1cdbf-69a5-481a-b7b2-24f9dfa78596	1540408550368	student	8	DISJUNCTION	./js/training_data_critter_bird_or_body_color_green_1.json	./js/test_data_critter_bird_or_body_color_green_1.json
15	true	true	true	logTest	pilot	2091-41a1cdbf-69a5-481a-b7b2-24f9dfa78596	1540408550368	student	8	DISJUNCTION	./js/training_data_critter_bird_or_body_color_green_1.json	./js/test_data_critter_bird_or_body_color_green_1.json
16	false	false	true	logTest	pilot	2091-41a1cdbf-69a5-481a-b7b2-24f9dfa78596	1540408550368	student	8	DISJUNCTION	./js/training_data_critter_bird_or_body_color_green_1.json	./js/test_data_critter_bird_or_body_color_green_1.json
17	false	false	true	logTest	pilot	2091-41a1cdbf-69a5-481a-b7b2-24f9dfa78596	1540408550368	student	8	DISJUNCTION	./js/training_data_critter_bird_or_body_color_green_1.json	./js/test_data_critter_bird_or_body_color_green_1.json
18	true	true	true	logTest	pilot	2091-41a1cdbf-69a5-481a-b7b2-24f9dfa78596	1540408550368	student	8	DISJUNCTION	./js/training_data_critter_bird_or_body_color_green_1.json	./js/test_data_critter_bird_or_body_color_green_1.json
19	true	true	true	logTest	pilot	2091-41a1cdbf-69a5-481a-b7b2-24f9dfa78596	1540408550368	student	8	DISJUNCTION	./js/training_data_critter_bird_or_body_color_green_1.json	./js/test_data_critter_bird_or_body_color_green_1.json
20	false	false	true	logTest	pilot	2091-41a1cdbf-69a5-481a-b7b2-24f9dfa78596	1540408550368	student	8	DISJUNCTION	./js/training_data_critter_bird_or_body_color_green_1.json	./js/test_data_critter_bird_or_body_color_green_1.json
21	false	false	true	logTest	pilot	2091-41a1cdbf-69a5-481a-b7b2-24f9dfa78596	1540408550368	student	8	DISJUNCTION	./js/training_data_critter_bird_or_body_color_green_1.json	./js/test_data_critter_bird_or_body_color_green_1.json
22	false	false	true	logTest	pilot	2091-41a1cdbf-69a5-481a-b7b2-24f9dfa78596	1540408550368	student	8	DISJUNCTION	./js/training_data_critter_bird_or_body_color_green_1.json	./js/test_data_critter_bird_or_body_color_green_1.json
23	false	true	false	logTest	pilot	2091-41a1cdbf-69a5-481a-b7b2-24f9dfa78596	1540408550368	student	8	DISJUNCTION	./js/training_data_critter_bird_or_body_color_green_1.json	./js/test_data_critter_bird_or_body_color_green_1.json
24	true	true	true	logTest	pilot	2091-41a1cdbf-69a5-481a-b7b2-24f9dfa78596	1540408550368	student	8	DISJUNCTION	./js/training_data_critter_bird_or_body_color_green_1.json	./js/test_data_critter_bird_or_body_color_green_1.json
25	false	false	true	logTest	pilot	2091-41a1cdbf-69a5-481a-b7b2-24f9dfa78596	1540408550368	student	8	DISJUNCTION	./js/training_data_critter_bird_or_body_color_green_1.json	./js/test_data_critter_bird_or_body_color_green_1.json
26	true	true	true	logTest	pilot	2091-41a1cdbf-69a5-481a-b7b2-24f9dfa78596	1540408550368	student	8	DISJUNCTION	./js/training_data_critter_bird_or_body_color_green_1.json	./js/test_data_critter_bird_or_body_color_green_1.json
27	false	false	true	logTest	pilot	2091-41a1cdbf-69a5-481a-b7b2-24f9dfa78596	1540408550368	student	8	DISJUNCTION	./js/training_data_critter_bird_or_body_color_green_1.json	./js/test_data_critter_bird_or_body_color_green_1.json
28	true	true	true	logTest	pilot	2091-41a1cdbf-69a5-481a-b7b2-24f9dfa78596	1540408550368	student	8	DISJUNCTION	./js/training_data_critter_bird_or_body_color_green_1.json	./js/test_data_critter_bird_or_body_color_green_1.json
29	false	false	true	logTest	pilot	2091-41a1cdbf-69a5-481a-b7b2-24f9dfa78596	1540408550368	student	8	DISJUNCTION	./js/training_data_critter_bird_or_body_color_green_1.json	./js/test_data_critter_bird_or_body_color_green_1.json
30	true	true	true	logTest	pilot	2091-41a1cdbf-69a5-481a-b7b2-24f9dfa78596	1540408550368	student	8	DISJUNCTION	./js/training_data_critter_bird_or_body_color_green_1.json	./js/test_data_critter_bird_or_body_color_green_1.json
0	true	true	true	logTest	pilot	2091-41a1cdbf-69a5-481a-b7b2-24f9dfa78596	1540408564988	explorer	8	DISJUNCTION	./js/training_data_critter_bird_or_body_color_green_1.json	./js/test_data_critter_bird_or_body_color_green_1.json
1	false	true	false	logTest	pilot	2091-41a1cdbf-69a5-481a-b7b2-24f9dfa78596	1540408564988	explorer	8	DISJUNCTION	./js/training_data_critter_bird_or_body_color_green_1.json	./js/test_data_critter_bird_or_body_color_green_1.json
2	true	true	true	logTest	pilot	2091-41a1cdbf-69a5-481a-b7b2-24f9dfa78596	1540408564988	explorer	8	DISJUNCTION	./js/training_data_critter_bird_or_body_color_green_1.json	./js/test_data_critter_bird_or_body_color_green_1.json
3	false	true	false	logTest	pilot	2091-41a1cdbf-69a5-481a-b7b2-24f9dfa78596	1540408564988	explorer	8	DISJUNCTION	./js/training_data_critter_bird_or_body_color_green_1.json	./js/test_data_critter_bird_or_body_color_green_1.json
4	true	true	true	logTest	pilot	2091-41a1cdbf-69a5-481a-b7b2-24f9dfa78596	1540408564988	explorer	8	DISJUNCTION	./js/training_data_critter_bird_or_body_color_green_1.json	./js/test_data_critter_bird_or_body_color_green_1.json
5	true	true	true	logTest	pilot	2091-41a1cdbf-69a5-481a-b7b2-24f9dfa78596	1540408564988	explorer	8	DISJUNCTION	./js/training_data_critter_bird_or_body_color_green_1.json	./js/test_data_critter_bird_or_body_color_green_1.json
6	false	false	true	logTest	pilot	2091-41a1cdbf-69a5-481a-b7b2-24f9dfa78596	1540408564988	explorer	8	DISJUNCTION	./js/training_data_critter_bird_or_body_color_green_1.json	./js/test_data_critter_bird_or_body_color_green_1.json
7	false	false	true	logTest	pilot	2091-41a1cdbf-69a5-481a-b7b2-24f9dfa78596	1540408564988	explorer	8	DISJUNCTION	./js/training_data_critter_bird_or_body_color_green_1.json	./js/test_data_critter_bird_or_body_color_green_1.json
8	false	false	true	logTest	pilot	2091-41a1cdbf-69a5-481a-b7b2-24f9dfa78596	1540408564988	explorer	8	DISJUNCTION	./js/training_data_critter_bird_or_body_color_green_1.json	./js/test_data_critter_bird_or_body_color_green_1.json
9	true	true	true	logTest	pilot	2091-41a1cdbf-69a5-481a-b7b2-24f9dfa78596	1540408564988	explorer	8	DISJUNCTION	./js/training_data_critter_bird_or_body_color_green_1.json	./js/test_data_critter_bird_or_body_color_green_1.json
10	true	true	true	logTest	pilot	2091-41a1cdbf-69a5-481a-b7b2-24f9dfa78596	1540408564988	explorer	8	DISJUNCTION	./js/training_data_critter_bird_or_body_color_green_1.json	./js/test_data_critter_bird_or_body_color_green_1.json
11	false	false	true	logTest	pilot	2091-41a1cdbf-69a5-481a-b7b2-24f9dfa78596	1540408564988	explorer	8	DISJUNCTION	./js/training_data_critter_bird_or_body_color_green_1.json	./js/test_data_critter_bird_or_body_color_green_1.json
12	true	true	true	logTest	pilot	2091-41a1cdbf-69a5-481a-b7b2-24f9dfa78596	1540408564988	explorer	8	DISJUNCTION	./js/training_data_critter_bird_or_body_color_green_1.json	./js/test_data_critter_bird_or_body_color_green_1.json
13	true	true	true	logTest	pilot	2091-41a1cdbf-69a5-481a-b7b2-24f9dfa78596	1540408564988	explorer	8	DISJUNCTION	./js/training_data_critter_bird_or_body_color_green_1.json	./js/test_data_critter_bird_or_body_color_green_1.json
14	false	false	true	logTest	pilot	2091-41a1cdbf-69a5-481a-b7b2-24f9dfa78596	1540408564988	explorer	8	DISJUNCTION	./js/training_data_critter_bird_or_body_color_green_1.json	./js/test_data_critter_bird_or_body_color_green_1.json
15	true	true	true	logTest	pilot	2091-41a1cdbf-69a5-481a-b7b2-24f9dfa78596	1540408564988	explorer	8	DISJUNCTION	./js/training_data_critter_bird_or_body_color_green_1.json	./js/test_data_critter_bird_or_body_color_green_1.json
16	false	false	true	logTest	pilot	2091-41a1cdbf-69a5-481a-b7b2-24f9dfa78596	1540408564988	explorer	8	DISJUNCTION	./js/training_data_critter_bird_or_body_color_green_1.json	./js/test_data_critter_bird_or_body_color_green_1.json
17	false	false	true	logTest	pilot	2091-41a1cdbf-69a5-481a-b7b2-24f9dfa78596	1540408564988	explorer	8	DISJUNCTION	./js/training_data_critter_bird_or_body_color_green_1.json	./js/test_data_critter_bird_or_body_color_green_1.json
18	true	true	true	logTest	pilot	2091-41a1cdbf-69a5-481a-b7b2-24f9dfa78596	1540408564988	explorer	8	DISJUNCTION	./js/training_data_critter_bird_or_body_color_green_1.json	./js/test_data_critter_bird_or_body_color_green_1.json
19	true	true	true	logTest	pilot	2091-41a1cdbf-69a5-481a-b7b2-24f9dfa78596	1540408564988	explorer	8	DISJUNCTION	./js/training_data_critter_bird_or_body_color_green_1.json	./js/test_data_critter_bird_or_body_color_green_1.json
20	false	false	true	logTest	pilot	2091-41a1cdbf-69a5-481a-b7b2-24f9dfa78596	1540408564988	explorer	8	DISJUNCTION	./js/training_data_critter_bird_or_body_color_green_1.json	./js/test_data_critter_bird_or_body_color_green_1.json
21	false	false	true	logTest	pilot	2091-41a1cdbf-69a5-481a-b7b2-24f9dfa78596	1540408564988	explorer	8	DISJUNCTION	./js/training_data_critter_bird_or_body_color_green_1.json	./js/test_data_critter_bird_or_body_color_green_1.json
22	false	false	true	logTest	pilot	2091-41a1cdbf-69a5-481a-b7b2-24f9dfa78596	1540408564988	explorer	8	DISJUNCTION	./js/training_data_critter_bird_or_body_color_green_1.json	./js/test_data_critter_bird_or_body_color_green_1.json
23	true	true	true	logTest	pilot	2091-41a1cdbf-69a5-481a-b7b2-24f9dfa78596	1540408564988	explorer	8	DISJUNCTION	./js/training_data_critter_bird_or_body_color_green_1.json	./js/test_data_critter_bird_or_body_color_green_1.json
24	true	true	true	logTest	pilot	2091-41a1cdbf-69a5-481a-b7b2-24f9dfa78596	1540408564988	explorer	8	DISJUNCTION	./js/training_data_critter_bird_or_body_color_green_1.json	./js/test_data_critter_bird_or_body_color_green_1.json
25	false	false	true	logTest	pilot	2091-41a1cdbf-69a5-481a-b7b2-24f9dfa78596	1540408564988	explorer	8	DISJUNCTION	./js/training_data_critter_bird_or_body_color_green_1.json	./js/test_data_critter_bird_or_body_color_green_1.json
26	true	true	true	logTest	pilot	2091-41a1cdbf-69a5-481a-b7b2-24f9dfa78596	1540408564988	explorer	8	DISJUNCTION	./js/training_data_critter_bird_or_body_color_green_1.json	./js/test_data_critter_bird_or_body_color_green_1.json
27	false	false	true	logTest	pilot	2091-41a1cdbf-69a5-481a-b7b2-24f9dfa78596	1540408564988	explorer	8	DISJUNCTION	./js/training_data_critter_bird_or_body_color_green_1.json	./js/test_data_critter_bird_or_body_color_green_1.json
28	true	true	true	logTest	pilot	2091-41a1cdbf-69a5-481a-b7b2-24f9dfa78596	1540408564988	explorer	8	DISJUNCTION	./js/training_data_critter_bird_or_body_color_green_1.json	./js/test_data_critter_bird_or_body_color_green_1.json
29	false	false	true	logTest	pilot	2091-41a1cdbf-69a5-481a-b7b2-24f9dfa78596	1540408564988	explorer	8	DISJUNCTION	./js/training_data_critter_bird_or_body_color_green_1.json	./js/test_data_critter_bird_or_body_color_green_1.json
30	true	true	true	logTest	pilot	2091-41a1cdbf-69a5-481a-b7b2-24f9dfa78596	1540408564988	explorer	8	DISJUNCTION	./js/training_data_critter_bird_or_body_color_green_1.json	./js/test_data_critter_bird_or_body_color_green_1.json
